-9.935392815734205740e+00 9.871203040294287234e+01 -9.807427976919350385e+02 -3.588745200879488095e+01
-9.747186908946979145e+00 9.500765263794735915e+01 -9.260573480423825004e+02 -2.419703623283112393e+01
-9.713322294585609029e+00 9.434862999849383414e+01 -9.164386512279787667e+02 -4.404390041951377555e+01
-9.587090077527102849e+00 9.191229615461863034e+01 -8.811714624666767577e+02 -2.058556721568508863e+01
-9.391215412531755291e+00 8.819492692457399130e+01 -8.282575570411711396e+02 -1.432601221857568419e+01
-9.008018743192927502e+00 8.114440167771509493e+01 -7.309502912180331577e+02 -3.224232295427759709e+01
-8.891910275060164182e+00 7.906606833972053039e+01 -7.030483854785700260e+02 -7.652604584009708333e+00
-8.879703335772612505e+00 7.884913133133126451e+01 -7.001568945055950053e+02 -1.983670154904615401e+00
-8.323608544517693275e+00 6.928245920236794575e+01 -5.766800694020283800e+02 -1.703863034134278109e+01
-8.277908409243536880e+00 6.852376763182486741e+01 -5.672334723125330811e+02 5.999162248327820635e+00
-7.857528532267878951e+00 6.174075463540381037e+01 -4.851297411514357236e+02 -1.162753196263733457e+01
-7.702185527308591517e+00 5.932366189708192650e+01 -4.569218500906525264e+02 8.530082661785890252e+00
-7.656927418595332213e+00 5.862853749363697631e+01 -4.489144562471734048e+02 -7.566720793939694545e+00
-7.497745101203237006e+00 5.621618160261714081e+01 -4.214946002193742061e+02 -6.847755498210844394e+00
-7.324468599859416784e+00 5.364784027032656866e+01 -3.929419215102804515e+02 1.345562394278697482e+01
-7.242455455105456963e+00 5.245316101918679408e+01 -3.798896821609342851e+02 9.063250711003192350e-01
-7.080828745064455809e+00 5.013813571693107463e+01 -3.550195526083884374e+02 -6.280814810427521877e+00
-6.921217627901721237e+00 4.790325345277752689e+01 -3.315488422312078001e+02 1.807475715782587145e-01
-6.873094673059525483e+00 4.723943038483922408e+01 -3.246810773364047691e+02 5.100803813556488819e+00
-6.131887405618050124e+00 3.760004315517726070e+01 -2.305592310739266111e+02 1.610454964818496748e+01
-6.003900847921908479e+00 3.604682539167740885e+01 -2.164215655339849889e+02 4.069120267448138151e+00
-5.906130852202286619e+00 3.488238164333570523e+01 -2.060199104219997253e+02 1.910954356574712776e+01
-5.684865127234052906e+00 3.231769151484184732e+01 -1.837217174854322650e+02 1.863397315384222708e+01
-5.645260249088536852e+00 3.186896327993916955e+01 -1.799085915839028189e+02 7.232315303485847835e+00
-5.438551414589669619e+00 2.957784148913529521e+01 -1.608606116712457776e+02 1.329348708663355083e+01
-4.979560243879643799e+00 2.479602022242669790e+01 -1.234732765060316666e+02 1.361623195232915684e+01
-4.692242107411122021e+00 2.201713599456196846e+01 -1.033097325982807178e+02 1.005957127721814182e+01
-4.412487548284991234e+00 1.947004636377009135e+01 -8.591133714466700155e+01 5.474055126505136926e+00
-4.386515785499593534e+00 1.924152073643711702e+01 -8.440323444739917136e+01 1.240978248951565988e+01
-4.167935171992979804e+00 1.737168359793615124e+01 -7.240405106457163242e+01 1.224979234835700126e+01
-3.990502003840232348e+00 1.592410624265290942e+01 -6.354517787067118917e+01 1.557725763274811470e+01
-3.679960297976934136e+00 1.354210779468648518e+01 -4.983441903537024587e+01 9.106272879961432309e+00
-3.498945791503176750e+00 1.224262165187779239e+01 -4.283626950580347170e+01 1.514828120432244418e+01
-3.371439014174479887e+00 1.136660102629778812e+01 -3.832180215861605177e+01 1.083266685186146105e+01
-3.292753813593918721e+00 1.084222767693729494e+01 -3.570078653108881639e+01 1.001467110363856072e+01
-3.149506290968524524e+00 9.919389876850312149e+00 -3.124118081970955529e+01 1.520231983930963260e+01
-2.445563864215108296e+00 5.980782613954732874e+00 -1.462638584041367196e+01 6.923974239236578399e+00
-2.337400755530638641e+00 5.463442291955200147e+00 -1.277025414101412970e+01 1.216211060190653015e+01
-2.299528716157032804e+00 5.287832316430811197e+00 -1.215952225785581220e+01 3.518500718962330076e+00
-1.989521639621559146e+00 3.958196354522457217e+00 -7.874917301193597119e+00 6.785338759971963896e+00
-1.265568763310060518e+00 1.601664294666155897e+00 -2.027016300638527557e+00 1.243346841108061929e+00
-1.163674424203415825e+00 1.354138165545151429e+00 -1.575775950082623833e+00 6.475497039842788460e+00
-1.122805692290306467e+00 1.260692622639514315e+00 -1.415512852928042076e+00 3.335891351214212985e+00
-6.043311458793709789e-01 3.652161338798735613e-01 -2.207114846812577580e-01 5.335274917102837300e+00
-5.091222150483609710e-01 2.592054298557495140e-01 -1.319672426007217625e-01 4.106438957596825201e-01
-2.152150071307410428e-01 4.631749929428492091e-02 -9.968220940897621826e-03 6.124711336783749793e+00
1.476587034319649661e-01 2.180309269920898199e-02 3.219416398772139559e-03 -8.673320972579732224e-01
4.950294268127848341e-01 2.450541334105942881e-01 1.213090072003502051e-01 -1.906893817957025172e+00
8.747756013316436707e-01 7.652323526851387836e-01 6.694065914785707339e-01 -4.159285776453682359e+00
1.248892600902946626e+00 1.559732728590126793e+00 1.947938664122373043e+00 2.916480956613449305e+00
1.264309553617643189e+00 1.598478647368844152e+00 2.020971825122237497e+00 -1.300244552106918638e-01
2.147234422648820029e+00 4.610615665808011521e+00 9.900072667226870848e+00 -2.671148467727991971e+00
2.177206418158251111e+00 4.740227787269481574e+00 1.032045436197519983e+01 -4.217429551001165677e+00
2.494422801400727252e+00 6.222145112147852153e+00 1.552066064136568713e+01 3.152329574793752975e+00
2.597680901190045688e+00 6.747946064407527977e+00 1.752901061377196967e+01 -3.134341760437324265e+00
2.628724434909628371e+00 6.910192154690944832e+00 1.816499096695690341e+01 2.464787819366931920e+00
2.743060575140122026e+00 7.524381318888057280e+00 2.063983374816266192e+01 -2.476487113095712900e+00
2.802002985114517841e+00 7.851220728590669218e+00 2.199914391830403559e+01 -4.664815865453472377e+00
3.027320749350909779e+00 9.164670919450554010e+00 2.774439843542554129e+01 4.126350222979498383e+00
3.054919521468013599e+00 9.332533282646357620e+00 2.851013810990631825e+01 2.090847599361955744e-01
3.258052956742471196e+00 1.061490906893835806e+01 3.458393587760708954e+01 1.655263182766830710e-01
3.390496359525892345e+00 1.149546556395832830e+01 3.897533414565597099e+01 3.457260341002942994e+00
3.443414146289565991e+00 1.185710098286710057e+01 4.082890925838849228e+01 -3.115210706195216339e+00
3.449518472644708567e+00 1.189917769311708362e+01 4.104643326168922357e+01 1.605804534868911837e+00
3.508598384303008189e+00 1.231026262233367952e+01 4.319176754706565902e+01 -2.368139240953931690e+00
3.729571161671191959e+00 1.390970104996940471e+01 5.187721990343339229e+01 3.148632295945530402e+00
3.829566606836875664e+00 1.466558039620010057e+01 5.616281695516942563e+01 5.895014242580582930e+00
3.838839973577032438e+00 1.473669234273291195e+01 5.657180364358966784e+01 -2.997566897932589569e+00
4.030795654235214798e+00 1.624731360620149445e+01 6.548960107687365451e+01 3.366412757732923922e-01
4.072070037686117416e+00 1.658175439182101840e+01 6.752206523120455017e+01 2.929478600641429509e+00
4.257516998706735833e+00 1.812645099427681217e+01 7.717367323435813375e+01 6.118108212954964209e+00
4.360597787568236683e+00 1.901481306494499890e+01 8.291595178202277339e+01 4.636184268648516849e+00
4.422375635310455522e+00 1.955740625978755531e+01 8.649019693315267432e+01 4.721335588833158070e+00
4.834067814597064583e+00 2.336821163612324170e+01 1.129635197548759606e+02 1.320151538227452725e+01
5.122031787967639360e+00 2.623520963695097308e+01 1.343775777244578364e+02 3.964639385823888418e+00
5.155536706904301880e+00 2.657955873623765441e+01 1.370318907179921268e+02 8.622307329590999103e+00
5.161145921924196855e+00 2.663742722739476676e+01 1.374796489052210688e+02 1.361218574517568847e+01
5.168252879551660683e+00 2.671083782699403386e+01 1.380483645145993421e+02 8.070122924743335702e+00
5.254739241997638644e+00 2.761228450138991874e+01 1.450953549306568107e+02 2.022753810983604694e+01
5.271077088765110830e+00 2.778425367570447690e+01 1.464529429784436729e+02 1.170230347726731246e+01
5.572812288948103543e+00 3.105623680785100049e+01 1.730705781312744875e+02 2.234380140147779059e+01
5.841392172806239458e+00 3.412186251652200042e+01 1.993191806255822200e+02 1.645714164216648356e+01
5.962214641949412197e+00 3.554800343667595541e+01 2.119448265822174164e+02 1.895267466302203374e+01
6.005061967803150935e+00 3.606076923715585281e+01 2.165471538757704479e+02 1.267153164322725623e+01
6.092470154530943205e+00 3.711819258385029485e+01 2.261414805072397201e+02 2.402200258462645976e+01
6.188835366011488759e+00 3.830168318759455559e+01 2.370428114891528537e+02 2.838278968071160691e+01
6.373772300194048057e+00 4.062497333472092720e+01 2.589343297369660490e+02 2.180664017280338740e+01
6.803880368434256809e+00 4.629278806796507695e+01 3.149705919357152197e+02 3.460437245664286365e+01
6.968627832477519490e+00 4.856177386758032810e+01 3.384089289680997581e+02 3.606514354966419944e+01
7.098734687516692787e+00 5.039203416375271871e+01 3.577196808927576512e+02 4.406270546088595097e+01
7.173418918289375057e+00 5.145793897727190824e+01 3.691293529557425472e+02 4.534307005172421157e+01
7.346856085210756504e+00 5.397629433679832545e+01 3.965560665054336482e+02 3.168557347983420769e+01
7.659400233913252976e+00 5.866641194327039699e+01 4.493495293611364900e+02 5.852877307330830092e+01
8.416864164886089128e+00 7.084360237014359996e+01 5.962809781007008496e+02 8.210409327200876817e+01
8.879564002309678017e+00 7.884665687111386490e+01 7.001239360552057178e+02 7.095864166074652246e+01
8.927339258655827336e+00 7.969738623913757181e+01 7.114856049849096280e+02 7.924746216287815059e+01
8.957179806610998440e+00 8.023107008795984996e+01 7.186441208546656298e+02 6.348060730554036013e+01
9.455621976123623540e+00 8.940878695535201359e+01 8.454156907935816889e+02 9.134391204389929442e+01
9.683991480162866594e+00 9.377969098786698510e+01 9.081617285388102800e+02 1.039896920321157552e+02
9.783088378819520869e+00 9.570881822779355730e+01 9.363278273548771722e+02 1.106880605682505063e+02
